x <- 2:10
y <- 7