x <- 2:10
y <- 9
# com
